1744144217045 1.5608009176996616e-05 1
1744144600814 5.696617245982483e-05 2
1744144989695 0.00012033476608073909 3
1744145376738 0.000176059175723602 4
1744145764776 0.00019884549376219198 5
1744146152988 0.00019520186797384223 6
1744146540639 0.00018232062115441377 7
1744146927943 0.00016212838006285656 8
1744147311783 0.00013641931393234711 9
1744147697448 0.0001074777861109588 10
1744148085219 7.787537835342512e-05 11
1744148469446 5.02423944970295e-05 12
1744148862340 2.703414642276524e-05 13
1744149249158 1.0312788819749614e-05 14
1744149636362 1.5640876914799616e-06 15
