1744144217045 9.290592592592592 1
1744144600814 4.030222222222222 2
1744144989689 1.1926296296296297 3
1744145376738 1.0446666666666666 4
1744145764776 0.9493703703703704 5
1744146152986 0.8927407407407407 6
1744146540639 0.8462592592592593 7
1744146927937 0.8045555555555556 8
1744147311783 0.7607777777777778 9
1744147697444 0.732037037037037 10
1744148085219 0.6954444444444444 11
1744148469446 0.666074074074074 12
1744148862340 0.6451851851851852 13
1744149249157 0.6250370370370371 14
1744149636359 0.6189259259259259 15
