1744144217045 5.414979375839233 1
1744144600814 1.7580356478713177 2
1744144989679 0.5413840972775662 3
1744145376737 0.45099006474238856 4
1744145764767 0.40204646915280157 5
1744146152969 0.3699895859631123 6
1744146540638 0.3457524818484844 7
1744146927936 0.3243901101394936 8
1744147311782 0.3037443252372107 9
1744147697443 0.2877018575474137 10
1744148085217 0.2707270031183682 11
1744148469436 0.2584957055180092 12
1744148862338 0.2480682239000237 13
1744149249155 0.24104459936630532 14
1744149636357 0.23892506715172418 15
