1744265470717 4.63400076474971e-05 1
1744266088675 8.080514371652089e-05 2
1744266698611 0.00013361230506728265 3
1744267316463 0.00018004931310300183 4
1744267939031 0.00019900714600086012 5
1744268552755 0.00019520954805711692 6
1744269178671 0.00018234891947989685 7
1744269802193 0.00016218899890229209 8
1744270585994 0.00013652108373797748 9
1744271618255 0.00010762588089109337 10
1744272630498 7.807085593909394e-05 11
1744273449054 5.2804106211702646e-05 12
1744273943920 3.7258200377092436e-05 13
1744275000438 2.2487295517384872e-05 14
1744276087424 7.658627426185e-06 15
