1744265470717 3.76495797418665 1
1744266088675 0.6064084789841263 2
1744266698611 0.4369331075424949 3
1744267316463 0.3893222543170883 4
1744267939031 0.3610284415366197 5
1744268552755 0.3365509513653815 6
1744269178671 0.31340325000157787 7
1744269802193 0.2901878007898383 8
1744270585994 0.26350805589265225 9
1744271618255 0.2359713135175062 10
1744272630498 0.20864819367874105 11
1744273449054 0.1837671647045564 12
1744273943920 0.1615793908762703 13
1744275000438 0.1581446825155678 14
1744276087424 0.14626312074878822 15
