1744265470717 8.17274074074074 1
1744266088675 1.336148148148148 2
1744266698611 0.9934074074074074 3
1744267316463 0.9046666666666666 4
1744267939031 0.8531851851851852 5
1744268552755 0.811962962962963 6
1744269178671 0.769074074074074 7
1744269802193 0.7287777777777777 8
1744270585994 0.6783703703703704 9
1744271618255 0.6234814814814815 10
1744272630498 0.5638888888888889 11
1744273449054 0.5107946298984035 12
1744273943920 0.45690764085412916 13
1744275000438 0.4484074074074074 14
1744276087424 0.41788888888888887 15
