1744124415086 2.4842444191358903e-05 1
1744124804352 5.3203475815664334e-05 2
1744125080078 0.00010650884593604962 3
1744125498027 0.00017832872116345695 4
1744125760416 0.00026 5
1744126028620 0.0003416712788365439 6
1744126406023 0.0004134911540639496 7
1744126682170 0.0004667965241843355 8
1744126973534 0.0004951575558086411 9
1744127275272 0.0004990684996466969 10
1744127536588 0.0004935061277573842 11
1744127797704 0.0004825064651904885 12
1744128054928 0.000466315226231363 13
1744128311554 0.0004452940964031346 14
1744128565837 0.00041991265300979276 15
1744128822445 0.0003907378755551755 16
1744129076069 0.000358421480357748 17
1744129346294 0.00032368536228498846 18
1744129644192 0.000287305468814933 19
1744129932032 0.00025009446665173746 20
1744130251176 0.00021288358809439867 21
1744130569899 0.00017650406268076158 22
1744130877605 0.00014176854889321093 23
1744131133966 0.0001094529807110514 24
1744131457510 8.027923452760397e-05 25
