1744124415077 4.286334704787643 1
1744124804344 1.0124244664708772 2
1744125080070 0.5585205563947007 3
1744125498020 0.47311400818383254 4
1744125760408 0.4282766412605566 5
1744126028613 0.40074603399192843 6
1744126406010 0.3823838475928814 7
1744126682155 0.36592561895289905 8
1744126973526 0.3520844326120008 9
1744127275263 0.3366708309032299 10
1744127536580 0.319680204021365 11
1744127797696 0.30676374793604566 12
1744128054917 0.2888535684475123 13
1744128311545 0.27518437083420794 14
1744128565830 0.25712692710557195 15
1744128822437 0.2417780157023075 16
1744129076052 0.22280789162661813 17
1744129346285 0.20567364373052907 18
1744129644184 0.18758628727274912 19
1744129932020 0.16780050303843044 20
1744130251169 0.15222323620283149 21
1744130569892 0.13659264256850023 22
1744130877597 0.12099076520339413 23
1744131133957 0.11056235007215637 24
1744131457500 0.10086019967610223 25
