1744124415080 8.969518518518518 1
1744124804347 2.210777777777778 2
1744125080073 1.2293333333333334 3
1744125498022 1.0864074074074075 4
1744125760411 1.0032962962962964 5
1744126028615 0.9522222222222222 6
1744126406023 0.915962962962963 7
1744126682162 0.8807407407407407 8
1744126973528 0.8574444444444445 9
1744127275265 0.8301481481481482 10
1744127536582 0.7942962962962963 11
1744127797698 0.7723333333333333 12
1744128054920 0.7346666666666667 13
1744128311547 0.7088888888888889 14
1744128565833 0.6724074074074075 15
1744128822440 0.6337407407407407 16
1744129076059 0.597925925925926 17
1744129346287 0.5576296296296296 18
1744129644186 0.5142222222222222 19
1744129932023 0.4669259259259259 20
1744130251170 0.42685185185185187 21
1744130569894 0.387037037037037 22
1744130877600 0.33914814814814814 23
1744131133960 0.30996296296296294 24
1744131457503 0.28603703703703703 25
